60
0 16 3 10000 2097152 0.000000000
1 17 3 10002 2097152 0.000000000
16 1 3 10001 2097152 0.000000000
17 0 3 10003 2097152 0.000000000
16 17 3 20000 65536 0.000002000
16 18 3 20001 65536 0.000002000
16 19 3 20002 65536 0.000002000
16 20 3 20003 65536 0.000002000
16 21 3 20004 65536 0.000002000
16 22 3 20005 65536 0.000002000
16 23 3 20006 65536 0.000002000
17 16 3 20008 65536 0.000002000
17 18 3 20009 65536 0.000002000
17 19 3 20010 65536 0.000002000
17 20 3 20011 65536 0.000002000
17 21 3 20012 65536 0.000002000
17 22 3 20013 65536 0.000002000
17 23 3 20014 65536 0.000002000
18 16 3 20016 65536 0.000002000
18 17 3 20017 65536 0.000002000
18 19 3 20018 65536 0.000002000
18 20 3 20019 65536 0.000002000
18 21 3 20020 65536 0.000002000
18 22 3 20021 65536 0.000002000
18 23 3 20022 65536 0.000002000
19 16 3 20024 65536 0.000002000
19 17 3 20025 65536 0.000002000
19 18 3 20026 65536 0.000002000
19 20 3 20027 65536 0.000002000
19 21 3 20028 65536 0.000002000
19 22 3 20029 65536 0.000002000
19 23 3 20030 65536 0.000002000
20 16 3 20032 65536 0.000002000
20 17 3 20033 65536 0.000002000
20 18 3 20034 65536 0.000002000
20 19 3 20035 65536 0.000002000
20 21 3 20036 65536 0.000002000
20 22 3 20037 65536 0.000002000
20 23 3 20038 65536 0.000002000
21 16 3 20040 65536 0.000002000
21 17 3 20041 65536 0.000002000
21 18 3 20042 65536 0.000002000
21 19 3 20043 65536 0.000002000
21 20 3 20044 65536 0.000002000
21 22 3 20045 65536 0.000002000
21 23 3 20046 65536 0.000002000
22 16 3 20048 65536 0.000002000
22 17 3 20049 65536 0.000002000
22 18 3 20050 65536 0.000002000
22 19 3 20051 65536 0.000002000
22 20 3 20052 65536 0.000002000
22 21 3 20053 65536 0.000002000
22 23 3 20054 65536 0.000002000
23 16 3 20056 65536 0.000002000
23 17 3 20057 65536 0.000002000
23 18 3 20058 65536 0.000002000
23 19 3 20059 65536 0.000002000
23 20 3 20060 65536 0.000002000
23 21 3 20061 65536 0.000002000
23 22 3 20062 65536 0.000002000
