34
1 3 3 31000 4194304 0.000000000
0 2 3 30000 4194304 0.000000000
4 2 3 32000 65536 0.000002000
5 2 3 32001 65536 0.000002000
6 2 3 32002 65536 0.000002000
7 2 3 32003 65536 0.000002000
8 2 3 32004 65536 0.000002000
9 2 3 32005 65536 0.000002000
10 2 3 32006 65536 0.000002000
11 2 3 32007 65536 0.000002000
12 2 3 32008 65536 0.000002000
13 2 3 32009 65536 0.000002000
14 2 3 32010 65536 0.000002000
15 2 3 32011 65536 0.000002000
16 2 3 32012 65536 0.000002000
17 2 3 32013 65536 0.000002000
18 2 3 32014 65536 0.000002000
19 2 3 32015 65536 0.000002000
20 2 3 32016 65536 0.000002000
21 2 3 32017 65536 0.000002000
22 2 3 32018 65536 0.000002000
23 2 3 32019 65536 0.000002000
24 2 3 32020 65536 0.000002000
25 2 3 32021 65536 0.000002000
26 2 3 32022 65536 0.000002000
27 2 3 32023 65536 0.000002000
28 2 3 32024 65536 0.000002000
29 2 3 32025 65536 0.000002000
30 2 3 32026 65536 0.000002000
31 2 3 32027 65536 0.000002000
32 2 3 32028 65536 0.000002000
33 2 3 32029 65536 0.000002000
34 2 3 32030 65536 0.000002000
35 2 3 32031 65536 0.000002000
