16
0 16 3 10000 2097152 0.000000000
1 17 3 10002 2097152 0.000000000
16 1 3 10001 2097152 0.000000000
17 0 3 10003 2097152 0.000000000
16 17 3 20000 65536 0.000002000
16 18 3 20001 65536 0.000002000
16 19 3 20002 65536 0.000002000
17 16 3 20004 65536 0.000002000
17 18 3 20005 65536 0.000002000
17 19 3 20006 65536 0.000002000
18 16 3 20008 65536 0.000002000
18 17 3 20009 65536 0.000002000
18 19 3 20010 65536 0.000002000
19 16 3 20012 65536 0.000002000
19 17 3 20013 65536 0.000002000
19 18 3 20014 65536 0.000002000
