18
1 3 3 31000 4194304 0.000000000
0 2 3 30000 4194304 0.000000000
4 2 3 32000 65536 0.000002000
5 2 3 32001 65536 0.000002000
6 2 3 32002 65536 0.000002000
7 2 3 32003 65536 0.000002000
8 2 3 32004 65536 0.000002000
9 2 3 32005 65536 0.000002000
10 2 3 32006 65536 0.000002000
11 2 3 32007 65536 0.000002000
12 2 3 32008 65536 0.000002000
13 2 3 32009 65536 0.000002000
14 2 3 32010 65536 0.000002000
15 2 3 32011 65536 0.000002000
16 2 3 32012 65536 0.000002000
17 2 3 32013 65536 0.000002000
18 2 3 32014 65536 0.000002000
19 2 3 32015 65536 0.000002000
