72
0 16 3 10000 2097152 0.000000000
1 17 3 10002 2097152 0.000000000
2 18 3 10004 2097152 0.000000000
3 19 3 10006 2097152 0.000000000
16 1 3 10001 2097152 0.000000000
17 2 3 10003 2097152 0.000000000
18 3 3 10005 2097152 0.000000000
19 0 3 10007 2097152 0.000000000
0 16 3 10008 2097152 0.000001000
1 17 3 10010 2097152 0.000001000
2 18 3 10012 2097152 0.000001000
3 19 3 10014 2097152 0.000001000
16 1 3 10009 2097152 0.000001000
17 2 3 10011 2097152 0.000001000
18 3 3 10013 2097152 0.000001000
19 0 3 10015 2097152 0.000001000
24 25 3 20000 65536 0.000002000
24 26 3 20001 65536 0.000002000
24 27 3 20002 65536 0.000002000
24 28 3 20003 65536 0.000002000
24 29 3 20004 65536 0.000002000
24 30 3 20005 65536 0.000002000
24 31 3 20006 65536 0.000002000
25 24 3 20008 65536 0.000002000
25 26 3 20009 65536 0.000002000
25 27 3 20010 65536 0.000002000
25 28 3 20011 65536 0.000002000
25 29 3 20012 65536 0.000002000
25 30 3 20013 65536 0.000002000
25 31 3 20014 65536 0.000002000
26 24 3 20016 65536 0.000002000
26 25 3 20017 65536 0.000002000
26 27 3 20018 65536 0.000002000
26 28 3 20019 65536 0.000002000
26 29 3 20020 65536 0.000002000
26 30 3 20021 65536 0.000002000
26 31 3 20022 65536 0.000002000
27 24 3 20024 65536 0.000002000
27 25 3 20025 65536 0.000002000
27 26 3 20026 65536 0.000002000
27 28 3 20027 65536 0.000002000
27 29 3 20028 65536 0.000002000
27 30 3 20029 65536 0.000002000
27 31 3 20030 65536 0.000002000
28 24 3 20032 65536 0.000002000
28 25 3 20033 65536 0.000002000
28 26 3 20034 65536 0.000002000
28 27 3 20035 65536 0.000002000
28 29 3 20036 65536 0.000002000
28 30 3 20037 65536 0.000002000
28 31 3 20038 65536 0.000002000
29 24 3 20040 65536 0.000002000
29 25 3 20041 65536 0.000002000
29 26 3 20042 65536 0.000002000
29 27 3 20043 65536 0.000002000
29 28 3 20044 65536 0.000002000
29 30 3 20045 65536 0.000002000
29 31 3 20046 65536 0.000002000
30 24 3 20048 65536 0.000002000
30 25 3 20049 65536 0.000002000
30 26 3 20050 65536 0.000002000
30 27 3 20051 65536 0.000002000
30 28 3 20052 65536 0.000002000
30 29 3 20053 65536 0.000002000
30 31 3 20054 65536 0.000002000
31 24 3 20056 65536 0.000002000
31 25 3 20057 65536 0.000002000
31 26 3 20058 65536 0.000002000
31 27 3 20059 65536 0.000002000
31 28 3 20060 65536 0.000002000
31 29 3 20061 65536 0.000002000
31 30 3 20062 65536 0.000002000
