76
0 16 3 100 131072 0.000000000
1 17 3 100 131072 0.000000000
2 18 3 100 131072 0.000000000
3 19 3 100 131072 0.000000000
4 20 3 100 131072 0.000000000
5 21 3 100 131072 0.000000000
6 22 3 100 131072 0.000000000
7 23 3 100 131072 0.000000000
8 24 3 100 131072 0.000000000
9 25 3 100 131072 0.000000000
10 26 3 100 131072 0.000000000
11 27 3 100 131072 0.000000000
12 28 3 100 131072 0.000000000
13 29 3 100 131072 0.000000000
14 30 3 100 131072 0.000000000
15 31 3 100 131072 0.000000000
16 1 3 100 131072 0.000000000
17 2 3 100 131072 0.000000000
18 3 3 100 131072 0.000000000
19 4 3 100 131072 0.000000000
20 5 3 100 131072 0.000000000
21 6 3 100 131072 0.000000000
22 7 3 100 131072 0.000000000
23 8 3 100 131072 0.000000000
24 9 3 100 131072 0.000000000
25 10 3 100 131072 0.000000000
26 11 3 100 131072 0.000000000
27 12 3 100 131072 0.000000000
28 13 3 100 131072 0.000000000
29 14 3 100 131072 0.000000000
30 15 3 100 131072 0.000000000
31 0 3 100 131072 0.000000000
0 16 3 100 131072 0.000001000
1 17 3 100 131072 0.000001000
2 18 3 100 131072 0.000001000
3 19 3 100 131072 0.000001000
4 20 3 100 131072 0.000001000
5 21 3 100 131072 0.000001000
6 22 3 100 131072 0.000001000
7 23 3 100 131072 0.000001000
8 24 3 100 131072 0.000001000
9 25 3 100 131072 0.000001000
10 26 3 100 131072 0.000001000
11 27 3 100 131072 0.000001000
12 28 3 100 131072 0.000001000
13 29 3 100 131072 0.000001000
14 30 3 100 131072 0.000001000
15 31 3 100 131072 0.000001000
16 1 3 100 131072 0.000001000
17 2 3 100 131072 0.000001000
18 3 3 100 131072 0.000001000
19 4 3 100 131072 0.000001000
20 5 3 100 131072 0.000001000
21 6 3 100 131072 0.000001000
22 7 3 100 131072 0.000001000
23 8 3 100 131072 0.000001000
24 9 3 100 131072 0.000001000
25 10 3 100 131072 0.000001000
26 11 3 100 131072 0.000001000
27 12 3 100 131072 0.000001000
28 13 3 100 131072 0.000001000
29 14 3 100 131072 0.000001000
30 15 3 100 131072 0.000001000
31 0 3 100 131072 0.000001000
0 1 3 100 65536 0.000002000
0 2 3 100 65536 0.000002000
0 3 3 100 65536 0.000002000
1 0 3 100 65536 0.000002100
1 2 3 100 65536 0.000002100
1 3 3 100 65536 0.000002100
2 0 3 100 65536 0.000002200
2 1 3 100 65536 0.000002200
2 3 3 100 65536 0.000002200
3 0 3 100 65536 0.000002300
3 1 3 100 65536 0.000002300
3 2 3 100 65536 0.000002300
